topics,negative,neutral,positive,total
美国关税政策对企业产品价格结构的影响,438,98,27,563
美国关税政策对全球经济的连锁反应,317,77,44,438
美国关税对普通居民进口消费品的影响,327,35,17,379
中美贸易战升级与中国反制措施,176,68,126,370
全球主要经济体对美加征关税反应,196,110,19,325
美国关税政策对普通居民进口消费品的影响,173,26,5,204
美国关税政策会扩大贫富差距,144,1,1,146
美国关税影响下中国经济结构性调整建议,15,26,82,123
全球多边贸易体系面临挑战,80,15,23,118
中美贸易战背景下的国际多边贸易秩序争议,78,14,12,104
美国关税政策的战略与安全考量,70,9,2,81
美对多国加征关税,58,21,1,80
中国外交部对美国加征关税政策的回应,31,8,30,69
美国关税政策对制造业回流的推动作用,67,2,0,69
欧盟对美国贸易施压的反制措施,33,23,12,68
美国关税对制造业回流的推动作用,50,11,3,64
中日韩及中欧在关税争端中的经济合作立场,36,15,3,54
美欧贸易争端中的能源与关税谈判,37,10,2,49
美国利用能源出口作为贸易施压手段,16,4,2,22
个人自制黄金饰品的趋势与风险,2,11,9,22
黄金饰品价格上涨,1,3,4,8
黄金价格波动,1,5,1,7
扶持中小实体经济与调控电商发展,4,1,1,6
大众投资黄金的热潮,0,2,1,3
文化安全视角下的教育政策调整建议,1,1,0,2
美国关税对进口宠物食品渠道和价格的影响,1,0,0,1
避险情绪对黄金市场的影响,0,1,0,1
黄金价格历史新高,0,1,0,1
